# Camera list with one line of data per camera:
#   CAMERA_ID, MODEL, WIDTH, HEIGHT, PARAMS[]
# Number of cameras: 72
1 SIMPLE_RADIAL 5314 5327 4953.02 2657 2663.5 -0.0012058
2 SIMPLE_RADIAL 5326 5327 4922.4 2663 2663.5 -0.00316386
3 SIMPLE_RADIAL 5290 5320 4817.82 2645 2660 -0.00469832
4 SIMPLE_RADIAL 5320 5363 4957.41 2660 2681.5 -0.00219364
5 SIMPLE_RADIAL 5363 5351 4899.37 2681.5 2675.5 -0.00200763
6 SIMPLE_RADIAL 5350 5399 4976 2675 2699.5 -0.00248174
7 SIMPLE_RADIAL 5327 5381 4928.18 2663.5 2690.5 -0.00377208
8 SIMPLE_RADIAL 5321 5357 4991.21 2660.5 2678.5 -0.00411283
9 SIMPLE_RADIAL 5332 5345 4986.61 2666 2672.5 -0.00397599
10 SIMPLE_RADIAL 5344 5381 4970.36 2672 2690.5 -0.00435951
11 SIMPLE_RADIAL 5344 5374 5006.95 2672 2687 -0.00434288
12 SIMPLE_RADIAL 5361 5373 4984.87 2680.5 2686.5 -0.00228691
13 SIMPLE_RADIAL 5319 5375 5019.13 2659.5 2687.5 -0.00325155
14 SIMPLE_RADIAL 5319 5369 5003.96 2659.5 2684.5 -0.00380364
15 SIMPLE_RADIAL 5324 5368 4974.76 2662 2684 -0.003445
16 SIMPLE_RADIAL 5331 5363 4972.05 2665.5 2681.5 -0.00453335
17 SIMPLE_RADIAL 5314 5363 4991.41 2657 2681.5 -0.00418583
18 SIMPLE_RADIAL 5295 5368 4961.96 2647.5 2684 -0.00383311
19 SIMPLE_RADIAL 5301 5404 4947.18 2650.5 2702 -0.00490961
20 SIMPLE_RADIAL 5289 5326 4996.83 2644.5 2663 -0.00171106
21 SIMPLE_RADIAL 5380 5353 5082.71 2690 2676.5 -0.000720977
22 SIMPLE_RADIAL 5381 5357 5050.44 2690.5 2678.5 0.00519244
23 SIMPLE_RADIAL 5311 5331 4998.5 2655.5 2665.5 0.00837866
24 SIMPLE_RADIAL 5311 5332 4976.01 2655.5 2666 0.00511598
25 SIMPLE_RADIAL 5321 5393 5155.22 2660.5 2696.5 -0.00447102
26 SIMPLE_RADIAL 5373 5392 4893 2686.5 2696 -0.0100229
27 SIMPLE_RADIAL 5343 5393 5174.9 2671.5 2696.5 0.000687476
28 SIMPLE_RADIAL 5405 5379 4913.47 2702.5 2689.5 0.00148022
29 SIMPLE_RADIAL 5416 5370 5003.2 2708 2685 -0.00361146
30 SIMPLE_RADIAL 5410 5376 5016.89 2705 2688 -0.00338293
31 SIMPLE_RADIAL 5397 5387 5028.8 2698.5 2693.5 -0.00273937
32 SIMPLE_RADIAL 5410 5387 5023.3 2705 2693.5 -0.00453691
33 SIMPLE_RADIAL 5416 5369 5002.2 2708 2684.5 -0.00373351
34 SIMPLE_RADIAL 5416 5370 5028.47 2708 2685 -0.00471374
35 SIMPLE_RADIAL 5428 5381 5011.87 2714 2690.5 -0.00498329
36 SIMPLE_RADIAL 5348 5375 5036.9 2674 2687.5 -0.00398813
37 SIMPLE_RADIAL 5423 5358 5008.74 2711.5 2679 -0.00571123
38 SIMPLE_RADIAL 5410 5388 4975.67 2705 2694 -0.0056967
39 SIMPLE_RADIAL 5404 5369 4970.21 2702 2684.5 -0.00491575
40 SIMPLE_RADIAL 5422 5369 4999.64 2711 2684.5 -0.00415737
41 SIMPLE_RADIAL 5399 5373 5008.81 2699.5 2686.5 -0.00282215
42 SIMPLE_RADIAL 5401 5380 4994.52 2700.5 2690 -0.00436956
43 SIMPLE_RADIAL 5376 5335 4972.21 2688 2667.5 -0.00318741
44 SIMPLE_RADIAL 5388 5365 5002.24 2694 2682.5 -0.0068726
45 SIMPLE_RADIAL 5390 5370 5031.66 2695 2685 -0.00243356
46 SIMPLE_RADIAL 5397 5353 5012.33 2698.5 2676.5 -0.00306996
47 SIMPLE_RADIAL 5370 5326 5043.66 2685 2663 -0.00622
48 SIMPLE_RADIAL 5398 5359 5082.58 2699 2679.5 0.000905744
49 SIMPLE_RADIAL 5299 5283 5146.62 2649.5 2641.5 0.00451387
50 SIMPLE_RADIAL 5400 5366 5026.46 2700 2683 -0.00134267
51 SIMPLE_RADIAL 5388 5361 4978.97 2694 2680.5 -0.0027974
52 SIMPLE_RADIAL 5388 5347 4997.07 2694 2673.5 -0.00223973
53 SIMPLE_RADIAL 5392 5362 5006.33 2696 2681 -0.00452739
54 SIMPLE_RADIAL 5400 5356 5024.57 2700 2678 -0.00495966
55 SIMPLE_RADIAL 5397 5359 4999.2 2698.5 2679.5 -0.00423655
56 SIMPLE_RADIAL 5376 5352 4994.27 2688 2676 -0.00578844
57 SIMPLE_RADIAL 5388 5370 4982.74 2694 2685 -0.006114
58 SIMPLE_RADIAL 5376 5361 5032.8 2688 2680.5 -0.00552399
59 SIMPLE_RADIAL 5391 5365 5009.62 2695.5 2682.5 -0.00488075
60 SIMPLE_RADIAL 5373 5361 4980.19 2686.5 2680.5 -0.0059732
61 SIMPLE_RADIAL 5367 5355 4964.31 2683.5 2677.5 -0.00538701
62 SIMPLE_RADIAL 5388 5358 5020.22 2694 2679 -0.00559583
63 SIMPLE_RADIAL 5370 5346 5040.22 2685 2673 -0.00529478
64 SIMPLE_RADIAL 5358 5370 5025.51 2679 2685 -0.00460205
65 SIMPLE_RADIAL 5394 5358 5056.11 2697 2679 -0.00522566
66 SIMPLE_RADIAL 5382 5358 5080.65 2691 2679 -0.00421399
67 SIMPLE_RADIAL 5376 5346 5083.13 2688 2673 -0.00217266
68 SIMPLE_RADIAL 5370 5367 5174.83 2685 2683.5 -0.00095218
69 SIMPLE_RADIAL 5394 5376 5099.27 2697 2688 -0.00136168
70 SIMPLE_RADIAL 5376 5346 5152.85 2688 2673 -0.0049726
71 SIMPLE_RADIAL 5394 5358 5146.38 2697 2679 -0.00629965
72 SIMPLE_RADIAL 5321 5372 5189.94 2660.5 2686 -0.00653744
